0,1610
1,2042
2,1789
3,1673
4,1707
5,1798
6,1993
7,2211
8,2226
9,2142
10,2141
11,2171
12,2232
13,2285
14,2227
15,2234
16,2193
17,2338
18,2339
19,2203
20,2114
21,2065
22,2077
23,2084
24,2252
25,2319
26,2264
27,2167
28,2122
29,2298
30,2353
31,2349
32,2359
33,2402
34,2460
35,2461
36,2441
37,2432
38,2443
39,2481
40,2500
41,2491
42,1419
43,0
44,2257
45,2297
46,2171
47,1910
48,1749
49,1746
50,1774
51,1892
52,2010
53,2078
54,2124
55,2202
56,2235
57,2334
58,2332
59,2245
60,2321
61,2362
62,2534
63,2547
64,2597
65,2454
66,2427
67,2441
68,2499
69,2556
70,2568
71,2538
72,2542
73,2567
74,2556
75,2545
76,2596
77,2575
78,2519
79,2475
80,2455
81,2469
82,2459
83,2466
84,2424
85,2475
86,2468
87,2504
88,2552
89,2537
90,2565
91,2560
92,2506
93,2367
94,2329
95,2441
96,2449
97,2524
98,2563
99,2542
100,2588
101,2616
102,2705
103,2712
104,2602
105,2530
106,2596
107,2613
108,2607
109,2582
110,2517
111,2564
112,2654
113,2712
114,2802
115,2906
116,2923
117,0
118,0
119,2215
120,2709
121,2679
122,2497
123,2055
124,1924
125,1797
126,1752
127,1731
128,1766
129,1810
130,1897
131,2144
132,2225
133,2366
134,2402
135,2504
136,2495
137,2517
138,2521
139,2478
140,2463
141,2509
142,2576
143,2543
144,2535
145,2560
146,2568
147,2736
148,2767
149,2761
150,2802
151,2783
152,2814
153,2837
154,2888
155,2846
156,2788
157,2683
158,2591
159,2571
160,2558
161,2667
162,2778
163,2888
164,2995
165,3037
166,2960
167,2647
168,2647
169,2461
170,2451
171,2499
172,2696
173,2756
174,2858
175,2860
176,2831
177,2743
178,2725
179,2730
180,2720
181,2717
182,2753
183,2688
184,2656
185,2542
186,2418
187,2415
188,2452
189,2490
190,2418
191,2320
192,2269
193,2220
194,2202
195,2237
196,2268
197,2308
198,2402
199,2427
200,0
201,0
202,372
203,2692
204,2766
205,2359
206,2089
207,1910
208,1854
209,1772
210,1795
211,1925
212,1958
213,1982
214,2248
215,2369
216,2422
217,2396
218,2515
219,2523
220,2475
221,2614
222,2690
223,2780
224,2803
225,2799
226,2659
227,2481
228,2387
229,2347
230,2359
231,2256
232,2242
233,2312
234,2412
235,2547
236,2574
237,2581
238,2555
239,2591
240,2517
241,2541
242,2588
243,2707
244,2709
245,2756
246,2777
247,2748
248,2679
249,2515
250,2472
251,2457
252,2447
253,2637
254,2734
255,2738
256,2707
257,2686
258,2596
259,2515
260,2539
261,2580
262,2678
263,2797
264,2780
265,2824
266,2796
267,2787
268,2721
269,2719
270,2632
271,2673
272,2646
273,0
274,0
275,2682
276,2687
277,2574
278,2207
279,2072
280,1939
281,1996
282,1872
283,1893
284,1909
285,2105
286,2197
287,2301
288,2383
289,2631
290,2579
291,2486
292,2392
293,2232
294,2268
295,2273
296,2430
297,2468
298,2583
299,2712
300,2841
301,2885
302,2813
303,2700
304,2454
305,2375
306,2388
307,2441
308,2582
309,2694
310,2889
311,3037
312,3070
313,2908
314,2679
315,2652
316,2475
317,2486
318,2482
319,2598
320,2624
321,2704
322,2703
323,2666
324,2650
325,2559
326,2611
327,2592
328,2711
329,2766
330,2841
331,2892
332,2859
333,2715
334,2617
335,2504
336,2498
337,2419
338,2493
339,2519
340,2540
341,2725
342,2698
343,2667
344,2523
345,2444
346,2342
347,2327
348,2343
349,2467
350,2620
351,2636
352,2735
353,2521
354,2366
355,2248
356,2045
357,2026
358,2141
359,2258
360,2370
361,2603
362,2730
363,2797
364,2602
365,2462
366,2333
367,2121
368,2094
369,2131
370,2037
371,0
372,0
373,2084
374,2615
375,2666
376,2478
377,2326
378,2165
379,2035
380,1979
381,1969
382,1932
383,2030
384,2083
385,2071
386,2262
387,2312
388,2343
389,2392
390,2453
391,2474
392,2387
393,2339
394,2304
395,2293
396,2278
397,2193
398,2252
399,2324
400,2325
401,2354
402,2304
403,2342
404,2343
405,2329
406,2379
407,2378
408,2310
409,2355
410,2428
411,2418
412,2353
413,2450
414,2490
415,2453
416,2441
417,2495
418,2574
419,2707
420,2823
421,2893
422,2901
423,2872
424,2696
425,2641
426,2409
427,2366
428,2374
429,2424
430,2489
431,2673
432,2782
433,2760
434,2792
435,2666
436,2570
437,2435
438,2381
439,2331
440,2326
441,2388
442,2532
443,2576
444,2627
445,2648
446,2679
447,2727
448,2606
449,2548
450,2484
451,2487
452,2557
453,2624
454,2750
455,2779
456,3023
457,3118
458,3190
459,3072
460,2888
461,2721
462,2553
463,2398
464,2376
465,2410
466,2477
467,2705
468,2830
469,2843
470,2826
471,2759
472,2626
473,2546
474,2607
475,2694
476,2865
477,3132
478,3197
479,3182
480,3052
481,2843
482,2691
483,2603
484,2515
485,2493
486,2576
487,2622
488,2789
489,0
490,0
491,2567
492,2933
493,2864
494,2637
495,2376
496,2088
497,1991
498,1987
499,1957
500,2025
501,2016
502,2026
503,2044
504,2200
505,2305
506,2350
507,2393
508,2371
509,2346
510,2325
511,2237
512,2232
513,2228
514,2399
515,2466
516,2489
517,2523
518,2555
519,2533
520,2539
521,2321
522,2260
523,2297
524,2294
525,2379
526,2452
527,2544
528,2561
529,2687
530,2674
531,2564
532,2452
533,2326
534,2111
535,2113
536,2091
537,2094
538,2148
539,2117
540,2179
541,2269
542,2245
543,2211
544,2089
545,1998
546,1974
547,1992
548,2004
549,2197
550,2314
551,2365
552,2475
553,2460
554,2176
555,2048
556,2102
557,2044
558,2031
559,2072
560,2112
561,2219
562,2299
563,2279
564,2330
565,2373
566,2418
567,2342
568,2328
569,2314
570,2237
571,2204
572,2157
573,2163
574,2263
575,2338
576,2383
577,2491
578,2507
579,2495
580,2355
581,2259
582,2182
583,2114
584,2097
585,2156
586,2185
587,2200
588,2319
589,2418
590,2440
591,2373
592,2175
593,2163
594,2180
595,2159
596,2195
597,2288
598,2335
599,2340
600,2298
601,2225
602,2204
603,2106
604,2129
605,2181
606,2277
607,2352
608,2368
609,2368
610,2436
611,2498
612,2484
613,2501
614,2475
615,2505
616,2590
617,2562
618,2459
619,2426
620,2364
621,2352
622,2458
623,2443
624,2421
625,2298
626,2270
627,2128
628,2200
629,2130
630,2212
631,2246
632,2251
633,2297
634,2204
635,2204
636,2138
637,2196
638,2186
639,2228
640,2375
641,2355
642,2445
643,2491
644,2261
645,2185
646,2093
647,2116
648,2104
649,2114
650,2161
651,2156
652,2143
653,2118
654,2149
655,2126
656,2039
657,1909
658,1970
659,1902
660,2013
661,2056
662,2096
663,2095
664,2174
665,2141
666,2115
667,2091
668,2159
669,2174
670,2218
671,2206
672,2317
673,2343
674,2387
675,2401
676,2501
677,2390
678,2314
679,2303
680,2251
681,2308
682,2245
683,2268
684,2365
685,2444
686,2413
687,2526
688,2424
689,2328
690,2315
691,2183
692,2124
693,2154
694,2129
695,2111
696,2285
697,2325
698,2555
699,2522
700,2596
701,2556
702,2597
703,2586
704,2455
705,2305
706,2174
707,2197
708,2120
709,2172
710,2104
711,2013
712,2034
713,2137
714,2198
715,2235
716,2337
717,2433
718,2447
719,2418
720,2182
721,2159
722,2116
723,2111
724,2204
725,2328
726,2477
727,2545
728,2616
729,2585
730,2357
731,2257
732,2121
733,2147
734,2143
735,2241
736,2275
737,2332
738,2405
739,2499
740,2572
741,2522
742,2484
743,2472
744,2464
745,2496
746,2543
747,2473
748,2525
749,2310
750,370
751,2449
752,2811
753,2941
754,2681
755,2478
756,2306
757,2166
758,2128
759,2069
760,2090
761,2137
762,2087
763,2197
764,2362
765,2398
766,2412
767,2435
768,2370
769,2310
770,2298
771,2300
772,2230
773,2189
774,2228
775,2252
776,2220
777,2276
778,2288
779,2394
780,2501
781,2552
782,2543
783,2419
784,2319
785,2182
786,2107
787,2175
788,2316
789,2345
790,2469
791,2469
792,2538
793,2502
794,2266
795,2157
796,2091
797,2103
798,2101
799,2122
800,2061
801,2074
802,2163
803,2267
804,2393
805,2565
806,2627
807,2515
808,2402
809,2289
810,2236
811,2191
812,2235
813,2348
814,2439
815,2565
816,512
817,0
818,2648
819,2760
820,2552
821,2223
822,2035
823,2026
824,1961
825,1936
826,1945
827,1941
828,2076
829,2114
830,2142
831,2289
832,2157
833,2227
834,2379
835,2374
836,2422
837,2542
838,2641
839,2607
840,2564
841,2602
842,2562
843,2555
844,2499
845,2410
846,2469
847,2454
848,2504
849,2678
850,2765
851,2860
852,2899
853,2677
854,2520
855,2437
856,2390
857,2366
858,2428
859,2566
860,2715
861,2605
862,2609
863,2459
864,2362
865,2270
866,2175
867,2246
868,2207
869,2356
870,2469
871,2606
872,2678
873,2603
874,2459
875,2365
876,2315
877,2279
878,2345
879,2420
880,2635
881,2793
882,2857
883,2857
884,3035
885,3230
886,3326
887,3447
888,3545
889,3590
890,3831
891,3930
892,3963
893,3970
894,4049
895,4106
896,4054
897,4025
898,4186
899,4230
900,4256
901,4302
902,4304
903,4340
904,4318
905,4342
906,4403
907,4404
908,4411
909,4404
910,4506
911,4518
912,4569
913,4579
914,4654
915,4601
916,4692
917,4664
918,4698
919,4772
920,4816
921,4774
922,4787
923,4835
924,4792
925,4796
926,4744
927,4834
928,4792
929,4883
930,4860
931,4848
932,4791
933,4866
934,4877
935,4883
936,4842
937,4837
938,4809
939,4860
940,4828
941,4825
942,4903
943,4855
944,4906
945,4952
946,4976
947,4963
948,5052
949,4998
950,4991
951,4982
952,4973
953,4923
954,4961
955,4975
956,4993
957,5029
958,5058
959,5106
960,5126
961,5136
962,5190
963,5172
964,5182
965,5233
966,5201
967,5276
968,5275
969,5274
970,5314
971,5333
972,5336
973,5341
974,5289
975,5289
976,5390
977,5369
978,5392
979,5386
980,5404
981,5431
982,5386
983,5471
984,5410
985,5443
986,5486
987,5484
988,5461
989,5579
990,5551
991,5580
992,5553
993,5505
994,5496
995,5523
996,5481
997,5447
998,5458
999,5446
1000,5423
1001,5410
1002,5382
1003,5402
1004,5331
1005,5421
1006,5393
1007,5437
1008,5493
1009,5541
1010,5555
1011,5634
1012,5553
1013,5551
1014,5534
1015,5519
1016,5485
1017,5510
1018,5545
1019,5591
1020,5619
1021,5687
1022,5612
1023,5611
1024,5532
1025,5603
1026,5587
1027,5604
1028,5637
1029,5773
1030,5763
1031,5826
1032,5875
1033,5943
1034,5919
1035,5880
1036,6005
1037,5945
1038,6053
1039,6132
1040,6108
1041,6075
1042,6029
1043,6014
1044,6045
1045,5964
1046,6051
1047,6040
1048,6110
1049,6064
1050,6068
1051,6085
1052,6144
1053,6091
1054,6155
1055,6101
1056,6153
1057,6142
1058,6180
1059,6134
1060,6146
1061,6133
1062,6144
1063,6048
1064,6167
1065,6177
1066,6182
1067,6162
1068,6197
1069,6212
1070,6219
1071,6212
1072,6190
1073,6082
1074,6120
1075,5951
1076,6046
1077,6105
1078,6110
1079,6125
1080,6167
1081,6263
1082,6206
1083,6281
1084,6324
1085,6241
1086,6370
1087,6294
1088,6304
1089,6304
1090,6204
1091,6283
1092,6181
1093,6149
1094,6116
1095,6064
1096,6089
1097,6173
1098,6108
1099,6144
1100,6037
1101,6101
1102,6024
1103,5981
1104,5985
1105,5997
1106,6066
1107,6102
1108,6102
1109,6159
1110,6208
1111,6232
1112,6254
1113,6245
1114,6194
1115,6184
1116,6288
1117,6275
1118,6337
1119,6330
1120,6326
1121,6259
1122,6323
1123,6310
1124,6255
1125,6293
1126,6176
1127,6172
1128,6186
1129,6181
1130,6184
1131,6187
1132,6212
1133,6197
1134,6226
1135,6238
1136,6256
1137,6246
1138,6281
1139,6285
1140,6354
1141,6365
1142,6354
1143,6336
1144,6387
1145,6356
1146,6441
1147,6421
1148,6354
1149,6402
1150,6364
1151,6444
1152,6353
1153,6424
1154,6443
1155,6428
1156,6365
1157,6365
1158,6426
1159,6457
1160,6421
1161,6425
1162,6404
1163,6432
1164,6473
1165,6443
1166,6456
1167,6423
1168,6487
1169,6388
1170,6450
1171,6444
1172,6440
1173,6437
1174,6401
1175,6470
1176,6494
1177,6492
1178,6498
1179,6482
1180,6559
1181,6496
1182,6561
1183,6541
1184,6598
1185,6612
1186,6342
1187,12
1188,4298
1189,6367
1190,6507
1191,6494
1192,6524
1193,6555
1194,6572
1195,6551
1196,6504
1197,6504
1198,6485
1199,6355
1200,6346
1201,6354
1202,6362
1203,6374
1204,6421
1205,6515
1206,6520
1207,6579
1208,6643
1209,6597
1210,6590
1211,6538
1212,6561
1213,6596
1214,6569
1215,6628
1216,6605
1217,6633
1218,6660
1219,6704
1220,6670
1221,6709
1222,6717
1223,6747
1224,6781
1225,6742
1226,6727
1227,6803
1228,6675
1229,6645
1230,6643
1231,6709
1232,6688
1233,6618
1234,6690
1235,6633
1236,6679
1237,6659
1238,6697
1239,6733
1240,6697
1241,6702
1242,6721
1243,6760
1244,6827
1245,6697
1246,6745
1247,6745
1248,6750
1249,6725
1250,6811
1251,6758
1252,6789
1253,6754
1254,6800
1255,6754
1256,6772
1257,6788
1258,6767
1259,6752
1260,6694
1261,6703
1262,6594
1263,6681
1264,6646
1265,6742
1266,6565
1267,6586
1268,6548
1269,6462
1270,6465
1271,6366
1272,6391
1273,6416
1274,6431
1275,6538
1276,6497
1277,6574
1278,6600
1279,6609
1280,6573
1281,6629
1282,6677
1283,6580
1284,6672
1285,6708
1286,6705
1287,6674
1288,6668
1289,6687
1290,6709
1291,6710
1292,6724
1293,6762
1294,6682
1295,6693
1296,6699
1297,6584
1298,4068
1299,6668
1300,6620
1301,6589
1302,6663
1303,6665
1304,6612
1305,6706
1306,6693
1307,6727
1308,6644
1309,6709
1310,6703
1311,6739
1312,6680
1313,6759
1314,6715
1315,6726
1316,6767
1317,6772
1318,6753
1319,6721
1320,6786
1321,6787
1322,6815
1323,6770
1324,6776
1325,6835
1326,6801
1327,6745
1328,6752
1329,6724
1330,6769
1331,6733
1332,6758
1333,6817
1334,6786
1335,6787
1336,6783
1337,6759
1338,6803
1339,6692
1340,6769
1341,6722
1342,6713
1343,6680
1344,6753
1345,6757
1346,6797
1347,6775
1348,6793
1349,6816
1350,6812
1351,6806
1352,6821
1353,6768
1354,6803
1355,6887
1356,6864
1357,6804
1358,6823
1359,6874
1360,6786
1361,6839
1362,6814
1363,6852
1364,6790
1365,6847
1366,6816
1367,6801
1368,6769
1369,6697
1370,6798
1371,6762
1372,6850
1373,6822
1374,6854
1375,6884
1376,6854
1377,6868
1378,6924
1379,6852
1380,6845
1381,6821
1382,6843
1383,6906
1384,6952
1385,6913
1386,6941
1387,6977
1388,6885
1389,6947
1390,6930
1391,6947
1392,6959
1393,6940
1394,6969
1395,6853
1396,6941
1397,6878
1398,6932
1399,6912
1400,7023
1401,6980
1402,6891
1403,7011
1404,6909
1405,6859
1406,6872
1407,6853
1408,6832
1409,6810
1410,6787
1411,6838
1412,6812
1413,6862
1414,6822
1415,6867
1416,6861
1417,6877
1418,6860
1419,6871
1420,6900
1421,6847
1422,6877
1423,6882
1424,6859
1425,6912
1426,6855
1427,6901
1428,6900
1429,6935
1430,6872
1431,6834
1432,6974
1433,6919
1434,6906
1435,6975
1436,7022
1437,6978
1438,7031
1439,6962
1440,6960
1441,6925
1442,6833
1443,6939
1444,6965
1445,6997
1446,7059
1447,7087
1448,7089
1449,7068
1450,7137
1451,7118
1452,7177
1453,7119
1454,7133
1455,7109
1456,7152
1457,7185
1458,7152
1459,7152
1460,7182
1461,7094
1462,7076
1463,7167
1464,7079
1465,7045
1466,7104
1467,7042
1468,7028
1469,6983
1470,7006
1471,7037
1472,6995
1473,7047
1474,7083
1475,7010
1476,6951
1477,7024
1478,7008
1479,7030
1480,7078
1481,6984
1482,6993
1483,6973
1484,6967
1485,6969
1486,6998
1487,7110
1488,7157
1489,7079
1490,7022
1491,7123
1492,7130
1493,7130
1494,7074
1495,7147
1496,7118
1497,7075
1498,7066
1499,7068
1500,7056
1501,7014
1502,7050
1503,7069
1504,7017
1505,7032
1506,7065
1507,7118
1508,7045
1509,7082
1510,7102
1511,7084
1512,7058
1513,7055
1514,7015
1515,7059
1516,7070
1517,7080
1518,7065
1519,7147
1520,7137
1521,7145
1522,7129
1523,7136
1524,7095
1525,7105
1526,7132
1527,7123
1528,7096
1529,0
1530,0
1531,1574
1532,7004
1533,7013
1534,7109
1535,7079
1536,7138
1537,7147
1538,7180
1539,7153
1540,7070
1541,7036
1542,7023
1543,7031
1544,7056
1545,7120
1546,7127
1547,7186
1548,7134
1549,7196
1550,7232
1551,7246
1552,7126
1553,7237
1554,7272
1555,7219
1556,7259
1557,7288
1558,7236
1559,7254
1560,7189
1561,7245
1562,7289
1563,7262
1564,7328
1565,7300
1566,7331
1567,7309
1568,7235
1569,7190
1570,7190
1571,7189
1572,7208
1573,7186
1574,7181
1575,7293
1576,7187
1577,7231
1578,7175
1579,7250
1580,7226
1581,7237
1582,7273
1583,7249
1584,7187
1585,7195
1586,7197
1587,5467
1588,0
1589,947
1590,6756
1591,7032
1592,7127
1593,7068
1594,7136
1595,7150
1596,7155
1597,7115
1598,7128
1599,7064
1600,7056
1601,7022
1602,7130
1603,7197
1604,7291
1605,7334
1606,7423
1607,7488
1608,7417
1609,7452
1610,7510
1611,7487
1612,7535
1613,7566
1614,7567
1615,7536
1616,7551
1617,7462
1618,7498
1619,7436
1620,7504
1621,7468
1622,7463
1623,7469
1624,7465
1625,7449
1626,7504
1627,7430
1628,7423
1629,7533
1630,7416
1631,7420
1632,7361
1633,7368
1634,7428
1635,7389
1636,7421
1637,7410
1638,7440
1639,7344
1640,7412
1641,7389
1642,7409
1643,7323
1644,7441
1645,7331
1646,2231
1647,0
1648,1417
1649,7238
1650,7360
1651,7320
1652,7341
1653,7283
1654,7306
1655,7328
1656,7422
1657,7398
1658,7334
1659,7336
1660,7326
1661,7376
1662,7347
1663,7364
1664,7402
1665,7447
1666,7466
1667,7474
1668,7432
1669,7411
1670,7460
1671,7389
1672,7410
1673,7405
1674,7368
1675,7348
1676,7349
1677,7393
1678,7344
1679,7332
1680,7423
1681,7415
1682,7376
1683,7358
1684,7361
1685,7387
1686,7386
1687,7462
1688,7434
1689,7378
1690,7416
1691,7456
1692,7427
1693,7490
1694,7406
1695,7484
1696,7404
1697,7470
1698,7441
1699,7457
1700,7496
1701,7471
1702,7362
1703,7397
1704,7387
1705,7461
1706,7419
1707,7382
1708,7341
1709,7436
1710,7319
1711,7353
1712,7370
1713,7362
1714,7358
1715,7299
1716,7346
1717,7435
1718,7396
1719,7350
1720,7426
1721,7406
1722,7444
1723,7497
1724,7420
1725,7449
1726,7488
1727,7449
1728,7518
1729,7508
1730,7449
1731,7503
1732,7437
1733,5548
1734,0
1735,0
1736,6950
1737,7419
1738,7451
1739,7469
1740,7407
1741,7556
1742,7509
1743,7444
1744,7411
1745,7345
1746,7326
1747,7316
1748,7326
1749,7341
1750,7393
1751,7433
1752,7476
1753,7486
1754,7521
1755,7506
1756,7493
1757,7539
1758,7536
1759,7433
1760,7457
1761,7377
1762,7421
1763,7441
1764,7378
1765,7382
1766,7349
1767,7315
1768,7287
1769,7318
1770,7344
1771,7330
1772,7346
1773,7354
1774,7380
1775,7300
1776,7273
1777,7308
1778,7268
1779,7243
1780,7290
1781,7195
1782,7261
1783,7245
1784,7256
1785,7191
1786,7227
1787,7234
1788,7268
1789,7311
1790,7313
1791,7262
1792,7389
1793,7432
1794,7423
1795,7401
1796,7428
1797,7358
1798,7365
1799,7365
1800,7368
1801,7438
1802,7420
1803,7448
1804,1802
1805,0
1806,6931
1807,7310
1808,7457
1809,7381
1810,7380
1811,7440
1812,7505
1813,7457
1814,7434
1815,7348
1816,7354
1817,7218
1818,7258
1819,7168
1820,7190
1821,7218
1822,7288
1823,7266
1824,7214
1825,7147
1826,7186
1827,7259
1828,7190
1829,7220
1830,7189
1831,7062
1832,6961
1833,6812
1834,6850
1835,6707
1836,6608
1837,6600
1838,6559
1839,6675
1840,6752
1841,6736
1842,6813
1843,6821
1844,6900
1845,6938
1846,6999
1847,7047
1848,7073
1849,7061
1850,7055
1851,7066
1852,7144
1853,7125
1854,7123
1855,7122
1856,7040
1857,7134
1858,7091
1859,7061
1860,7031
1861,7002
1862,7045
1863,7045
1864,7044
1865,7082
1866,7114
1867,7126
1868,7090
1869,7059
1870,7140
1871,7167
1872,7189
1873,7169
1874,7220
1875,7194
1876,7299
1877,7264
1878,7254
1879,7227
1880,7328
1881,7312
1882,7169
1883,7185
1884,7152
1885,7127
1886,7125
1887,7058
1888,7073
1889,7115
1890,7032
1891,7130
1892,7150
1893,7086
1894,7186
1895,7170
1896,7113
1897,7111
1898,7122
1899,7181
1900,7175
1901,7168
1902,7200
1903,7248
1904,7231
1905,7290
1906,7310
1907,7299
1908,7287
1909,7270
1910,7242
1911,7273
1912,7306
1913,7274
1914,7213
1915,7290
1916,7321
1917,7301
1918,7318
1919,7328
1920,7293
1921,7258
1922,7276
1923,7190
1924,7289
1925,7214
1926,7272
1927,7192
1928,7253
1929,7222
1930,7250
1931,7285
1932,7208
1933,7238
1934,7266
1935,7273
1936,7333
1937,7314
1938,7251
1939,7242
1940,7268
1941,7314
1942,7241
1943,7228
1944,7346
1945,7285
1946,7314
1947,7291
1948,7351
1949,7249
1950,7267
1951,7299
1952,7188
1953,7245
1954,7224
1955,7214
1956,7217
1957,7184
1958,7153
1959,7214
1960,7195
1961,7222
1962,7220
1963,7294
1964,7276
1965,7260
1966,7347
1967,7330
1968,7314
1969,7365
1970,7314
1971,7377
1972,7335
1973,7414
1974,7411
1975,7441
1976,7441
1977,7345
1978,7340
1979,7433
1980,7404
1981,7370
1982,7438
1983,0
1984,0
1985,4256
1986,7322
1987,7420
1988,7478
1989,7506
1990,7461
1991,7529
1992,7519
1993,7475
1994,7415
1995,7479
1996,7409
1997,7418
1998,7447
1999,7490
2000,7513
2001,7508
2002,7462
2003,7548
2004,7537
2005,7567
2006,7539
2007,7626
2008,7578
2009,7703
2010,7737
2011,7786
2012,7794
2013,7821
2014,7879
2015,865
2016,0
2017,0
2018,1197
2019,7722
2020,7717
2021,7661
2022,7739
2023,7699
2024,7670
2025,7647
2026,7671
2027,7546
2028,7548
2029,7480
2030,7534
2031,7592
2032,7611
2033,7649
2034,7694
2035,7683
2036,7670
2037,7615
2038,7591
2039,7642
2040,7593
2041,7612
2042,7594
2043,7517
2044,7590
2045,7530
2046,7648
2047,7634
2048,7625
2049,7630
2050,7729
2051,7733
2052,7659
2053,7636
2054,7684
2055,7755
2056,7781
2057,7722
2058,7750
2059,7791
2060,7792
2061,7803
2062,7745
2063,7797
2064,7739
2065,7702
2066,7767
2067,7751
2068,7758
2069,7738
2070,7759
2071,7739
2072,7762
2073,7795
2074,7727
2075,7771
2076,7653
2077,7162
2078,5581
2079,5074
2080,3547
2081,420
2082,2407
2083,3013
2084,2787
2085,2634
2086,2393
2087,1612
2088,398
2089,974
2090,1898
2091,1891
2092,1866
2093,1702
2094,1696
2095,1750
2096,1693
2097,1666
2098,1620
2099,1619
2100,1551
2101,1536
2102,1642
2103,1594
2104,1681
2105,1586
2106,1640
2107,1255
2108,0
2109,912
2110,1520
2111,1613
2112,1750
2113,1803
2114,1815
2115,1751
2116,1444
2117,0
2118,1451
2119,1602
2120,1742
2121,1808
2122,1725
2123,1692
2124,1727
2125,1639
2126,1599
2127,1656
2128,1640
2129,1600
2130,1664
2131,1625
2132,1638
2133,1614
2134,1614
2135,1607
2136,1597
2137,1659
2138,1698
2139,1741
2140,1721
2141,1826
2142,1797
2143,1789
2144,1788
2145,1824
2146,1208
2147,0
2148,1330
2149,1647
2150,1787
2151,1946
2152,1900
2153,1850
2154,1765
2155,1761
2156,1694
2157,1697
2158,1663
2159,1709
2160,1721
2161,1706
2162,1692
2163,1763
2164,1816
2165,1794
2166,1928
2167,1909
2168,1927
2169,1929
2170,1964
2171,1952
2172,1896
2173,1863
2174,1857
2175,1899
2176,1923
2177,1843
2178,1859
2179,1850
2180,1881
2181,1880
2182,1905
2183,1883
2184,1854
2185,1874
2186,1935
2187,1938
2188,1956
2189,2021
2190,1954
2191,1949
2192,1905
2193,1952
2194,1986
2195,1900
2196,1931
2197,1972
2198,2041
2199,1978
2200,1957
2201,1917
2202,1934
2203,1952
2204,2007
2205,2020
2206,2109
2207,2185
2208,2150
2209,2145
2210,2159
2211,2112
2212,2129
2213,2088
2214,2090
2215,2158
2216,2081
2217,2088
2218,2186
2219,2123
2220,2183
2221,2137
2222,2125
2223,2180
2224,2173
2225,2183
2226,1876
2227,122
2228,0
2229,2016
2230,2156
2231,2163
2232,2121
2233,1946
2234,1832
2235,1801
2236,1732
2237,1746
2238,1823
2239,1814
2240,1877
2241,1917
2242,1975
2243,2013
2244,2150
2245,2162
2246,2277
2247,2402
2248,2373
2249,2339
2250,2387
2251,2311
2252,2369
2253,2397
2254,2328
2255,2372
2256,2415
2257,2395
2258,2482
2259,2473
2260,2398
2261,2466
2262,2411
2263,2355
2264,2253
2265,2200
2266,2185
2267,0
2268,131
2269,2030
2270,2230
2271,2258
2272,2142
2273,2064
2274,1837
2275,1743
2276,1731
2277,1764
2278,1790
2279,1851
2280,1892
2281,1884
2282,1925
2283,1911
2284,1881
2285,1923
2286,2004
2287,1998
2288,2109
2289,2164
2290,2267
2291,2356
2292,2401
2293,2398
2294,2310
2295,2342
2296,2327
2297,2357
2298,2463
2299,2531
2300,1700
2301,0
2302,2446
2303,2545
2304,2602
2305,2506
2306,2351
2307,2128
2308,2065
2309,1959
2310,2058
2311,2134
2312,2298
2313,2428
2314,2296
2315,0
2316,1685
2317,2229
2318,2360
2319,1962
2320,0
2321,1816
2322,2099
2323,0
2324,0
2325,1162
2326,1668
2327,1221
2328,813
2329,252
2330,63
2331,55
2332,46
2333,113
2334,157
2335,173
2336,235
2337,184
2338,320
2339,389
2340,392
2341,382
2342,502
2343,471
2344,558
2345,507
2346,391
2347,518
2348,601
2349,659
2350,698
2351,763
2352,782
2353,750
2354,856
2355,831
2356,810
2357,784
2358,940
2359,1026
2360,1131
2361,1424
2362,1551
2363,1656
2364,1790
2365,1888
2366,1997
2367,2044
2368,2045
2369,2009
2370,2000
2371,1961
2372,1984
2373,0
2374,1
2375,1835
2376,2139
2377,2276
2378,2256
2379,2181
2380,1976
2381,1837
2382,1642
2383,1299
2384,330
2385,1569
2386,952
2387,245
2388,19526
